# This file may be used to create an environment using:
# $ conda create --name <env> --file <this file>
# platform: win-64
beautifulsoup4=4.12.2=pyha770c72_0
brotlipy=0.7.0=py311ha68e1ae_1005
bzip2=1.0.8=h8ffe710_4
ca-certificates=2023.5.7=h56e8100_0
certifi=2023.5.7=pyhd8ed1ab_0
cffi=1.15.1=py311h7d9ee11_3
charset-normalizer=2.0.12=pyhd8ed1ab_0
cryptography=40.0.2=py311h28e9c30_0
idna=3.4=pyhd8ed1ab_0
intel-openmp=2023.1.0=h57928b3_46319
libblas=3.9.0=16_win64_mkl
libcblas=3.9.0=16_win64_mkl
libexpat=2.5.0=h63175ca_1
libffi=3.4.2=h8ffe710_5
libhwloc=2.9.1=h51c2c0f_0
libiconv=1.17=h8ffe710_0
liblapack=3.9.0=16_win64_mkl
libsqlite=3.41.2=hcfcfb64_1
libxml2=2.10.4=hc3477c8_0
libzlib=1.2.13=hcfcfb64_4
mkl=2022.1.0=h6a75c08_874
numpy=1.24.3=py311h0b4df5a_0
openssl=3.1.0=hcfcfb64_3
pandas=1.5.3=py311hf63dbb6_1
pip=23.1.2=pyhd8ed1ab_0
pthreads-win32=2.9.1=hfa6e2cd_3
pycparser=2.21=pyhd8ed1ab_0
pyopenssl=23.1.1=pyhd8ed1ab_0
pysocks=1.7.1=pyh0701188_6
python=3.11.3=h2628c8c_0_cpython
python-dateutil=2.8.2=pyhd8ed1ab_0
python_abi=3.11=3_cp311
pytz=2023.3=pyhd8ed1ab_0
requests=2.27.1=pyhd8ed1ab_0
setuptools=67.7.2=pyhd8ed1ab_0
six=1.16.0=pyh6c4a22f_0
soupsieve=2.3.2.post1=pyhd8ed1ab_0
tbb=2021.9.0=h91493d7_0
tk=8.6.12=h8ffe710_0
tzdata=2023c=h71feb2d_0
ucrt=10.0.22621.0=h57928b3_0
urllib3=1.26.15=pyhd8ed1ab_0
vc=14.3=hb25d44b_16
vc14_runtime=14.34.31931=h5081d32_16
vs2015_runtime=14.34.31931=hed1258a_16
wheel=0.40.0=pyhd8ed1ab_0
win_inet_pton=1.1.0=pyhd8ed1ab_6
xz=5.2.6=h8d14728_0
